x              =  0.511000E+00
Asin(x)        =  0.582437E+00
Fortran Asin(x)=  0.536348E+00
Error          =  0.460891E-01

